3	7	10	13	16	23	28	38	41	52	59	67	71	74	83	88	97	101	104	110	112	114	116	123	128	132	135	140	145	147	151	155	158	162	164	168	172	174	179	188	190	198	203	207	209	229	233	238	243	254	266	269	272	283	285	296	321	328	337	339	363	370	375	378	381	385	392	396	406	411	416	426	431	433	441	445	450	453	456	463	467	469	472	475	
9	24	26	30	60	102	106	115	116	118	150	165	202	214	223	235	263	270	274	276	285	287	291	294	307	
4	9	11	13	33	48	50	71	77	86	97	99	106	107	162	163	165	204	237	242	245	256	265	271	277	283	289	295	301	307	313	319	325	331	337	343	369	398	406	411	417	427	438	443	
3	8	18	23	26	34	37	41	44	54	57	61	67	77	80	85	91	106	111	114	119	124	148	153	156	171	173	196	204	209	213	215	225	239	255	258	271	285	297	306	
2	7	9	15	18	25	32	39	43	46	58	71	91	95	103	105	114	130	138	141	144	149	154	156	192	198	203	205	208	235	238	247	255	261	265	269	275	294	299	308	312	320	322	326	335	340	354	362	376	380	391	393	398	407	417	424	429	438	447	459	462	464	467	470	473	477	
4	10	19	20	31	37	41	44	46	50	56	61	64	81	88	89	100	102	110	135	140	149	150	153	157	159	161	163	165	173	183	185	187	190	193	204	209	216	218	225	233	243	248	270	272	274	277	280	289	299	301	303	306	313	315	322	329	336	341	350	356	364	
4	15	36	39	54	67	71	72	75	79	82	85	92	98	100	107	113	123	130	136	142	153	158	162	169	195	213	242	249	265	282	284	287	292	296	305	317	333	341	348	358	365	
51	62	65	69	83	91	111	116	161	172	175	179	193	201	221	226	237	244	281	292	295	299	313	319	339	342	353	360	408	409	411	420	423	427	450	458	476	481	494	497	
6	13	17	23	45	48	50	54	65	68	70	78	83	101	111	114	116	120	128	134	141	146	149	152	154	160	163	165	169	175	178	181	185	189	192	203	209	221	224	235	241	264	295	297	307	334	339	341	345	352	363	387	395	402	404	411	426	433	436	444	
10	13	22	25	30	63	71	92	105	114	138	141	151	161	180	191	201	208	211	219	258	267	274	291	300	303	308	311	320	333	345	358	364	372	377	380	383	403	
16	19	43	50	59	61	66	74	82	92	102	110	132	135	144	147	163	166	189	199	238	240	260	262	265	341	345	448	472	475	485	488	495	499	505	
7	16	21	25	38	45	47	54	59	67	78	107	113	165	168	173	178	188	198	199	210	218	220	228	238	245	265	278	284	289	293	297	301	303	307	312	320	322	327	333	361	367	416	419	424	429	439	459	471	478	486	496	
2	7	10	29	84	89	91	104	105	124	173	198	205	223	267	
3	6	12	15	21	28	30	35	42	45	47	49	52	57	65	67	72	75	105	111	115	120	125	129	132	134	148	150	152	155	161	165	174	177	181	186	188	209	212	217	219	229	231	241	243	251	261	266	278	282	292	305	314	323	326	334	337	339	344	348	355	358	360	364	366	
220	263	330	343	
2	9	11	16	22	34	46	55	78	82	89	102	111	127	132	138	160	173	177	180	183	190	197	213	219	221	226	235	248	252	257	263	285	298	302	305	308	315	322	338	348	353	368	373	379	401	429	436	449	455	457	472	478	
2	7	12	15	26	32	40	49	53	56	59	87	93	96	108	113	117	122	131	135	137	140	146	150	155	161	163	171	179	188	199	201	203	211	214	218	230	236	240	244	246	254	272	274	277	292	297	313	315	317	320	326	333	347	350	362	365	382	384	390	393	
9	23	64	68	83	102	104	115	119	134	144	158	169	175	191	208	213	245	263	290	308	314	316	
2	27	33	42	50	57	69	83	105	111	113	118	143	149	158	166	173	185	199	221	227	229	234	236	250	257	264	267	269	272	276	280	283	285	296	302	306	314	316	320	322	330	333	342	344	348	349	360	364	366	373	386	391	394	396	400	403	411	414	416	425	435	445	448	451	453	468	475	490	
2	7	14	19	24	28	34	38	44	47	49	52	54	67	69	72	75	78	80	89	93	98	108	127	133	135	138	143	148	162	173	178	179	183	188	190	194	203	209	214	216	221	226	233	235	256	276	285	288	293	299	303	305	309	316	321	329	331	339	345	349	353	357	360	385	389	399	404	410	413	416	418	420	426	434	437	441	443	448	450	452	454	458	460	466	470	475	478	484	
2	6	12	15	19	21	64	86	89	99	104	110	116	119	124	126	129	140	144	150	155	157	161	166	169	172	177	179	185	187	191	194	196	198	200	204	206	217	219	223	225	228	230	232	234	237	243	245	251	259	262	284	287	297	302	308	332	335	340	342	345	353	358	360	363	367	370	375	381	388	391	399	402	405	427	430	440	445	451	475	478	483	485	488	496	501	503	506	
25	34	38	43	48	50	61	70	79	81	94	103	105	111	123	125	132	150	153	157	171	177	179	180	188	196	201	213	217	219	224	229	247	251	253	280	289	293	298	303	305	316	325	334	336	349	358	360	370	383	387	390	399	414	422	423	440	441	470	487	
2	12	14	16	19	20	23	26	41	44	53	89	92	105	108	110	112	125	127	140	143	152	154	157	163	166	168	176	187	191	195	201	216	229	232	234	242	
2	18	30	34	40	52	55	57	64	77	97	101	115	131	135	138	143	154	159	172	175	177	186	205	207	214	216	254	268	273	275	279	303	313	316	319	323	337	344	346	353	371	
2	5	15	18	23	25	27	29	36	43	45	47	52	57	65	68	76	80	84	86	91	101	104	110	113	116	121	124	136	141	149	160	168	174	178	186	188	204	207	212	215	220	222	232	238	245	247	252	263	268	272	281	289	291	294	297	313	317	320	
2	18	20	24	27	35	42	46	49	53	63	76	80	85	89	98	109	112	116	124	128	143	146	152	158	191	202	241	244	247	249	256	273	281	292	296	298	306	321	325	335	341	345	358	361	373	379	383	385	387	389	393	395	398	401	420	423	430	432	434	460	463	465	471	
2	10	15	19	23	28	30	33	37	46	60	65	70	72	83	88	91	96	98	123	130	135	140	144	150	153	156	164	166	174	180	198	205	207	212	214	217	220	221	224	226	231	245	247	249	252	277	285	289	296	304	309	320	327	336	338	342	345	347	349	352	355	365	371	373	377	381	387	396	398	403	408	414	416	
2	4	10	14	26	28	30	33	37	66	69	73	77	85	90	94	101	103	108	130	132	138	141	146	148	156	158	163	166	174	176	178	184	188	200	202	204	207	210	252	255	261	274	289	293	301	308	311	313	316	319	321	323	331	336	338	340	341	344	378	385	388	396	406	409	
2	5	6	10	13	20	27	29	33	35	38	45	49	52	57	63	72	75	83	86	87	91	94	101	108	110	114	116	119	126	130	133	138	144	154	163	170	174	177	182	188	197	210	219	230	236	238	241	243	251	254	255	259	262	269	276	278	282	284	287	294	298	301	306	312	321	
3	5	9	11	14	21	25	33	40	45	76	81	87	93	101	122	130	135	141	147	153	156	158	163	168	179	185	190	192	203	209	215	217	220	227	229	238	260	267	272	303	305	315	318	324	331	332	336	350	356	365	367	373	382	390	392	398	400	404	412	415	
2	8	14	22	25	34	41	45	52	54	59	63	69	72	83	85	88	94	97	109	117	133	139	144	148	150	152	154	160	166	168	170	175	190	192	200	203	212	215	220	222	226	228	230	235	237	239	246	251	255	257	260	270	273	277	279	282	303	327	330	336	339	344	354	
2	4	14	31	36	43	52	59	63	68	94	99	107	116	119	128	134	149	155	158	164	171	174	181	183	193	203	209	217	220	223	228	232	240	250	253	256	270	279	281	288	295	302	313	316	318	323	330	336	339	347	351	358	363	370	375	381	388	401	410	417	420	427	429	438	452	457	462	465	482	
8	11	15	17	21	25	30	60	63	67	69	76	80	82	86	88	94	113	120	125	129	133	136	144	147	149	151	169	173	184	187	196	208	210	215	219	226	230	232	236	257	282	288	292	298	303	312	317	320	341	343	345	348	352	355	358	360	372	378	384	389	398	402	405	410	413	418	423	429	441	449	473	477	
14	35	39	60	65	70	72	84	88	93	100	103	106	119	122	125	135	138	145	147	150	153	156	170	174	187	192	198	201	221	224	227	230	243	248	263	275	279	281	283	286	288	292	308	313	325	331	333	337	343	345	349	363	370	373	375	381	387	392	411	
3	16	28	34	41	48	55	62	80	101	108	115	123	129	153	156	161	164	199	212	231	271	276	288	293	295	305	310	312	
34	36	42	43	68	121	144	149	150	152	181	186	188	304	378	379	402	449	456	464	478	479	
8	16	18	23	25	28	34	37	43	46	56	64	66	83	87	89	91	95	97	105	108	116	122	130	132	139	147	149	160	164	172	174	179	181	184	190	193	199	202	212	220	222	238	257	259	275	283	291	293	304	
3	9	17	28	31	33	45	49	62	68	70	73	78	92	96	101	109	115	125	129	133	136	153	154	157	163	169	171	178	180	184	192	197	199	202	207	210	213	216	219	221	224	227	230	233	253	260	271	273	284	294	298	301	308	311	322	329	338	343	347	364	370	376	384	390	392	400	407	413	
2	16	27	29	35	40	48	57	66	76	83	108	146	171	182	188	195	206	212	220	237	242	249	255	266	278	292	302	314	316	328	330	351	356	358	364	366	386	424	437	441	445	451	465	467	472	478	481	485	
5	42	77	82	84	147	155	182	190	199	207	221	222	245	253	282	287	289	303	400	404	409	412	417	420	425	428	433	461	466	468	
2	18	21	30	33	44	49	63	65	72	82	85	90	96	100	109	113	115	126	131	136	140	155	162	164	181	191	196	202	208	215	223	227	230	237	245	249	254	256	257	260	268	271	276	282	284	287	290	299	306	308	310	314	320	325	330	334	336	339	344	346	349	351	355	358	369	372	374	395	402	408	415	420	423	429	437	453	456	459	462	466	470	476	
7	9	11	19	24	28	30	32	34	38	43	52	69	71	72	77	79	80	88	100	102	112	117	140	142	146	148	150	158	162	164	171	176	187	190	192	200	202	212	214	218	221	224	227	229	231	233	236	242	246	248	262	264	267	269	281	285	288	291	294	299	301	305	311	313	316	320	325	329	335	338	339	341	345	348	
7	10	32	35	56	62	83	86	93	111	117	125	144	156	162	173	182	186	199	229	233	253	275	280	283	293	299	310	316	319	329	333	336	339	347	353	362	367	372	378	390	400	405	416	431	434	436	440	445	458	462	466	473	476	479	482	487	491	498	499	502	
2	6	8	11	18	28	31	33	35	38	47	53	55	61	66	69	76	85	88	91	94	97	100	104	109	114	117	123	126	135	138	142	147	151	154	158	161	164	167	172	177	180	183	186	190	194	203	208	232	235	251	268	287	291	310	313	329	332	348	361	368	373	378	380	383	390	397	402	405	408	410	417	433	442	444	451	453	461	472	474	
4	6	18	29	41	43	50	65	79	81	88	96	99	102	112	114	128	131	133	136	138	147	151	156	158	161	165	171	176	182	187	190	202	207	213	218	221	224	227	229	236	242	249	255	262	265	268	271	277	280	285	290	292	297	301	303	309	319	329	334	340	345	347	350	353	358	360	362	366	
2	17	20	30	46	53	70	73	82	85	100	105	118	145	154	159	168	173	183	186	190	215	228	230	235	245	250	256	268	271	280	282	296	299	315	319	324	328	338	341	359	366	386	392	396	406	420	422	
34	40	45	56	88	100	121	132	142	145	153	155	168	180	182	188	190	200	202	221	241	255	262	280	294	301	303	315	325	346	390	396	404	420	
6	28	30	48	54	74	75	93	95	127	133	142	190	191	225	226	244	245	
2	17	22	24	28	29	35	37	46	48	55	57	61	63	69	71	87	88	104	118	134	135	167	171	193	204	205	221	235	251	252	284	288	310	328	329	346	360	376	377	409	413	435	
2	8	14	18	21	24	26	27	33	37	42	46	51	54	58	61	68	70	72	75	81	89	93	99	102	105	108	120	123	125	130	134	139	142	148	152	156	159	163	165	173	177	180	183	188	190	198	203	206	209	213	217	223	227	237	239	241	246	249	253	256	260	264	269	272	275	278	284	293	296	299	302	315	320	324	327	332	334	338	347	355	357	363	372	377	386	388	394	398	400	404	407	410	414	418	422	427	431	434	436	437	443	447	452	456	462	468	
2	7	9	12	18	23	25	30	44	51	66	82	84	87	92	94	104	106	109	113	116	119	124	128	130	138	146	156	162	180	204	206	209	214	216	226	228	231	235	240	247	253	259	269	271	276	278	288	291	298	303	305	310	314	317	321	324	330	334	337	340	345	352	
2	19	22	25	33	35	37	39	44	49	58	61	65	68	80	82	86	88	92	94	101	103	105	107	111	115	118	121	127	129	131	133	137	139	141	145	149	151	153	157	159	163	165	169	171	174	178	180	182	184	191	194	200	203	214	217	225	229	231	234	237	246	248	250	252	255	259	263	265	272	274	277	283	289	292	297	299	303	309	312	317	323	329	332	338	340	344	350	353	362	366	371	375	377	379	383	385	391	393	395	397	401	404	408	413	417	426	432	437	440	442	453	458	469	471	476	
21	25	68	69	80	81	144	148	191	192	203	204	257	261	266	271	278	284	286	305	307	314	320	327	331	339	343	349	353	360	364	389	410	
13	18	29	33	47	52	56	60	65	70	74	76	86	90	95	101	103	107	110	117	118	120	129	139	150	155	159	163	167	173	175	184	194	197	199	204	217	224	228	232	237	253	256	260	267	270	280	290	300	308	311	321	329	332	342	350	356	362	364	373	383	386	388	392	401	415	422	424	435	437	440	
2	6	8	11	19	21	25	27	30	32	45	50	57	60	62	70	75	79	81	89	93	95	98	106	108	112	114	117	119	132	137	144	147	149	157	162	164	169	174	183	187	192	194	196	201	209	214	217	225	227	229	231	233	235	237	241	245	252	254	259	262	264	270	272	276	278	283	288	291	296	299	306	311	314	316	321	328	334	336	338	340	344	348	350	354	359	364	368	375	377	380	383	389	392	394	398	400	403	
2	6	8	10	23	28	32	34	37	44	51	61	66	70	72	75	78	81	84	88	91	95	106	109	110	113	120	124	126	128	141	146	150	152	155	162	169	179	184	188	190	193	196	199	202	206	209	213	224	227	231	234	237	241	246	252	257	273	278	281	287	291	293	296	300	305	307	310	324	329	333	336	339	341	343	346	357	361	364	367	371	374	377	
10	15	17	19	21	37	46	74	87	97	101	105	109	114	126	131	142	151	152	156	164	166	168	170	172	174	176	180	182	184	186	188	190	192	201	209	217	225	233	241	249	257	265	273	281	289	297	305	309	
5	13	15	18	22	30	42	51	63	67	69	74	76	81	85	88	91	95	98	101	107	111	114	117	121	124	127	131	137	149	158	170	174	176	181	183	188	191	204	206	208	210	215	217	224	228	234	239	242	246	251	255	258	261	265	268	271	277	281	292	294	303	310	312	317	326	327	334	336	347	356	
9	138	150	190	195	207	212	214	224	229	231	256	261	282	
2	14	20	24	31	40	43	52	57	59	62	68	71	73	77	80	83	87	91	96	103	108	114	116	123	129	132	134	137	139	146	148	156	162	166	171	177	181	186	188	190	193	194	199	215	217	221	227	230	232	240	242	245	259	267	279	284	296	301	306	321	325	329	351	356	359	361	366	371	377	382	384	387	388	394	401	404	412	414	425	432	434	441	443	447	450	458	460	
9	13	18	45	60	69	89	91	93	104	108	122	140	144	150	159	162	167	171	180	184	191	198	203	226	228	233	243	247	258	262	267	293	299	314	325	327	330	338	345	350	376	382	397	414	416	419	422	428	433	
4	9	22	37	41	58	127	142	153	159	165	171	177	183	189	195	201	207	213	219	225	231	237	243	249	255	261	267	273	279	285	301	310	312	331	344	350	356	362	368	374	380	386	392	398	404	410	416	422	428	434	440	446	460	465	488	493	496	512	513	529	534	536	562	566	569	
35	94	178	186	191	269	313	336	347	360	369	404	406	419	421	427	428	430	470	472	480	482	
2	17	19	22	24	29	33	35	54	58	64	66	69	74	78	83	94	97	101	108	112	117	123	127	136	141	152	154	156	163	165	168	176	180	183	185	190	193	195	197	200	203	206	215	226	230	234	237	240	245	249	250	252	257	267	272	279	285	289	294	306	310	329	336	340	352	356	358	369	377	383	397	402	407	410	419	423	428	433	
2	9	17	19	24	28	31	34	36	38	43	46	51	54	58	62	64	69	72	75	78	80	87	89	105	121	130	133	145	149	154	159	161	163	170	172	185	188	190	194	197	200	210	215	220	225	227	235	237	247	249	251	253	258	260	270	274	289	
2	10	12	14	17	21	24	54	60	64	70	73	79	84	91	95	101	110	121	130	135	139	146	150	152	157	162	169	171	175	183	185	187	190	194	197	213	221	223	225	228	232	235	256	258	260	264	267	271	274	279	281	285	292	314	316	318	321	331	333	336	339	346	349	354	366	370	372	
2	4	13	16	19	24	27	38	40	44	57	72	77	84	90	97	114	134	136	140	142	165	168	172	176	180	185	189	208	212	221	222	229	231	240	242	250	266	268	273	276	280	282	297	301	303	307	312	330	332	335	340	354	361	365	367	371	373	376	409	417	421	426	435	440	443	445	449	463	465	469	473	
2	4	11	13	26	33	35	38	40	48	50	57	62	66	68	73	77	79	94	98	105	109	112	114	121	132	141	144	151	155	160	168	171	175	180	183	186	190	193	198	201	205	216	223	237	244	247	251	253	259	261	267	269	286	288	290	293	302	309	316	326	331	336	338	341	343	347	359	365	371	374	376	378	380	383	388	397	399	406	409	412	424	426	429	
7	16	17	18	30	36	37	45	46	51	61	62	67	92	97	102	111	112	124	125	126	134	136	141	146	149	155	160	162	231	233	242	243	244	245	247	252	257	260	265	270	272	282	284	374	375	386	387	389	390	396	397	411	413	418	423	426	432	437	439	
10	17	20	23	28	38	40	45	48	53	56	60	62	68	73	74	78	80	85	96	103	112	114	124	127	131	138	144	146	149	152	156	158	163	168	171	174	181	184	186	190	193	201	203	205	214	216	218	220	224	242	246	256	258	263	269	271	273	276	278	284	288	294	304	320	327	331	334	338	340	348	350	355	357	359	365	372	386	388	393	397	400	403	405	407	413	427	441	
2	4	8	15	19	27	33	48	62	83	96	105	114	120	122	124	135	139	143	148	152	164	174	184	203	210	214	216	218	221	226	230	233	236	243	247	250	272	275	277	280	283	286	291	293	297	302	305	308	311	313	317	320	326	332	337	351	363	366	368	370	379	393	404	407	425	437	446	448	453	456	461	466	473	475	479	481	489	496	499	502	509	511	523	525	531	533	536	544	551	554	558	565	567	575	577	583	585	588	601	604	608	
9	19	60	66	75	76	107	127	148	174	296	348	360	406	
4	7	14	17	20	26	30	32	34	39	43	46	52	57	63	73	78	83	88	91	94	97	99	100	111	113	120	126	131	134	138	144	150	154	160	162	164	166	170	173	174	175	180	185	188	190	194	199	212	215	222	225	230	240	246	249	252	255	259	262	268	271	275	279	285	287	289	292	298	306	310	319	330	333	351	360	362	365	369	371	375	380	385	390	397	402	408	411	415	418	435	439	446	466	471	473	
2	6	9	15	27	29	33	36	41	50	55	60	82	85	89	92	94	96	102	109	117	121	124	131	136	147	157	162	164	169	174	182	206	216	228	234	246	256	264	273	278	286	296	302	308	317	326	335	339	341	345	354	361	369	373	378	384	394	398	403	408	415	420	424	430	437	441	446	450	457	461	466	471	
5	7	11	17	20	23	29	32	37	46	48	61	64	70	74	80	83	95	103	105	112	114	118	127	131	135	139	146	149	159	170	179	189	193	203	215	219	224	248	253	264	269	282	288	296	301	306	313	318	323	334	336	362	386	395	454	456	460	469	472	477	489	509	512	515	
20	25	28	34	47	58	73	77	84	90	100	115	130	134	143	151	155	160	265	269	297	338	354	363	376	378	384	403	408	410	424	436	441	444	449	498	507	528	538	542	
2	6	10	14	18	20	28	38	40	44	57	59	64	69	71	86	88	91	95	104	110	120	127	131	135	139	143	145	153	163	165	170	175	183	185	194	201	206	213	219	223	234	236	239	249	253	257	261	265	267	275	285	287	300	306	315	318	322	326	333	341	343	348	356	360	
2	4	7	15	17	22	26	29	31	35	43	46	49	65	67	70	81	86	92	94	106	113	125	133	145	148	152	157	162	172	176	183	186	189	191	193	200	203	207	209	212	224	227	233	236	241	249	251	254	257	261	269	271	274	278	281	285	289	297	299	304	308	310	314	321	327	333	339	344	346	354	358	375	377	385	390	393	396	403	418	432	449	454	456	459	463	465	472	475	479	481	
4	9	11	14	17	21	24	29	33	35	38	40	43	45	50	54	57	60	63	74	77	80	83	86	91	94	105	107	110	118	121	129	132	136	140	150	157	161	165	168	171	175	184	189	193	204	210	217	222	225	243	247	252	254	258	264	266	270	272	275	277	281	284	290	293	295	299	300	307	309	313	321	328	336	340	344	350	359	364	366	370	373	376	391	395	398	400	403	406	412	416	430	435	439	
15	37	45	48	50	53	56	58	69	81	95	134	141	143	163	165	185	189	272	287	307	311	313	329	332	375	378	406	412	414	420	423	425	438	474	477	490	500	
2	6	9	16	18	23	27	30	34	37	41	52	54	57	63	67	71	74	85	92	97	99	114	131	135	138	158	160	165	169	172	176	179	184	190	193	195	200	204	214	220	226	230	242	244	253	260	262	265	269	276	280	283	303	305	310	314	317	321	324	329	335	338	340	345	349	359	365	375	380	384	387	407	409	414	418	421	425	428	431	438	440	443	449	453	460	462	464	470	476	478	484	486	493	
2	17	20	34	44	50	55	59	72	74	79	82	87	90	92	100	102	110	112	115	143	162	175	189	195	215	220	223	228	233	235	237	242	245	268	274	280	282	287	289	291	315	321	330	350	355	358	363	368	370	372	377	380	403	409	
22	24	42	120	148	173	181	182	230	246	297	298	333	349	384	
4	9	11	17	20	22	28	34	36	40	42	45	53	61	65	67	73	78	85	88	96	107	122	127	129	131	134	137	139	144	149	153	155	158	161	167	171	181	183	186	189	199	203	206	208	212	219	224	230	245	263	267	289	304	311	329	331	340	348	351	364	366	370	372	381	391	401	412	420	423	426	431	435	447	470	474	
2	6	23	28	37	44	62	67	71	75	79	84	87	90	93	96	100	102	112	117	122	128	131	133	148	151	164	177	190	203	205	217	220	224	228	231	241	248	253	256	260	265	271	277	282	285	289	293	298	301	304	308	312	316	319	323	332	336	338	342	358	362	365	367	371	378	380	385	390	394	398	402	405	407	412	416	418	424	428	
8	16	18	23	25	28	34	37	43	46	56	64	66	83	87	89	91	95	97	105	108	116	122	130	132	139	147	149	160	164	172	174	179	181	184	190	193	199	202	212	220	222	238	257	259	275	283	291	293	304	
3	9	17	28	31	33	45	49	62	68	70	73	78	92	96	101	109	115	125	129	133	136	153	154	157	163	169	171	178	180	184	192	197	199	202	207	210	213	216	219	221	224	227	230	233	253	260	271	273	284	294	298	301	308	311	322	329	338	343	347	364	370	376	384	390	392	400	407	413	
2	16	27	29	35	40	48	57	66	76	83	108	146	171	182	188	195	206	212	220	237	242	249	255	266	278	292	302	314	316	328	330	351	356	358	364	366	386	424	437	441	445	451	465	467	472	478	481	485	
5	42	77	82	84	147	155	182	190	199	207	221	222	245	253	282	287	289	303	400	404	409	412	417	420	425	428	433	461	466	468	
2	18	21	30	33	44	49	63	65	72	82	85	90	96	100	109	113	115	126	131	136	140	155	162	164	181	191	196	202	208	215	223	227	230	237	245	249	254	256	257	260	268	271	276	282	284	287	290	299	306	308	310	314	320	325	330	334	336	339	344	346	349	351	355	358	369	374	378	386	389	
2	14	16	26	31	54	56	60	62	64	72	76	78	85	90	101	104	106	114	116	126	128	132	135	138	141	143	145	147	150	156	160	162	176	178	181	183	195	199	202	205	208	213	215	219	225	227	230	234	239	243	249	252	253	255	259	262	267	269	280	283	291	305	307	309	313	318	323	326	330	338	351	355	357	360	363	367	375	
7	10	32	35	56	62	83	86	93	111	117	125	144	156	162	173	182	186	199	229	233	253	275	280	283	293	299	310	316	319	329	333	336	339	347	353	362	367	372	378	390	400	405	416	431	434	436	440	445	458	462	466	473	476	479	482	487	491	498	499	502	
2	6	8	11	18	28	31	33	35	38	47	53	55	61	66	69	76	85	92	94	100	102	105	107	109	113	118	125	128	130	138	145	173	176	180	185	187	190	194	196	211	219	222	225	228	231	234	238	243	248	251	257	260	269	272	276	281	285	288	292	295	298	301	306	311	314	317	320	324	328	337	342	366	369	385	402	421	425	444	447	463	466	482	
4	6	18	29	41	43	50	65	79	81	88	96	99	102	112	114	128	131	133	136	138	147	151	156	158	161	165	171	176	182	187	190	202	207	213	218	221	224	227	229	236	242	249	255	262	265	268	271	277	280	285	290	292	297	301	303	309	319	329	334	340	345	347	350	353	358	360	362	366	
2	17	20	30	46	53	70	73	82	85	100	105	118	145	154	159	168	173	183	186	190	215	228	230	235	245	250	256	268	271	280	282	296	299	315	319	324	328	338	341	359	366	386	392	396	406	420	422	
34	40	45	56	88	100	121	132	142	145	153	155	168	180	182	188	190	200	202	221	241	255	262	280	294	301	303	315	325	346	390	396	404	420	
6	28	30	48	54	74	75	93	95	127	133	142	190	191	225	226	244	245	
2	17	22	24	28	29	35	37	46	48	55	57	61	63	69	71	87	88	104	118	134	135	167	171	193	204	205	221	235	251	252	284	288	310	328	329	346	360	376	377	409	413	435	
2	8	14	18	21	24	26	27	33	37	42	46	51	54	58	61	68	70	72	75	81	89	93	99	102	105	108	120	123	125	130	134	139	142	148	152	156	159	163	165	173	177	180	183	188	190	198	203	206	209	213	217	223	227	237	239	241	246	249	253	256	260	264	269	272	275	278	284	293	296	299	302	315	320	324	327	332	334	338	347	355	357	363	372	377	386	388	394	398	400	404	407	410	414	418	422	427	431	434	436	437	443	447	452	456	462	468	
2	7	9	12	18	23	25	30	44	51	66	82	84	87	92	94	104	106	109	113	116	119	124	128	130	138	146	156	162	180	204	206	209	214	216	226	228	231	235	240	247	253	259	269	271	276	278	288	291	298	303	305	310	314	317	321	324	330	334	337	340	345	352	
2	19	22	25	33	35	37	39	44	49	58	61	65	68	80	82	86	88	92	94	101	103	105	107	111	115	118	121	127	129	131	133	137	139	141	145	149	151	153	157	159	163	165	169	171	174	178	180	182	184	191	194	200	203	214	217	225	229	231	234	237	246	248	250	252	255	259	263	265	272	274	277	283	289	292	297	299	303	309	312	317	323	329	332	338	340	344	350	353	362	366	371	375	377	379	383	385	391	393	395	397	401	404	408	413	417	426	432	437	440	442	453	458	469	471	476	
21	25	68	69	80	81	144	148	191	192	203	204	257	261	266	271	278	284	286	305	307	314	320	327	331	339	343	349	353	360	364	389	410	
13	18	29	33	47	52	56	60	65	70	74	76	86	90	95	101	103	107	110	117	118	120	129	139	150	155	159	163	167	173	175	184	194	197	199	204	217	224	228	232	237	253	256	260	267	270	280	290	300	308	311	321	329	332	342	350	356	362	364	373	383	386	388	392	401	415	422	424	435	437	440	
2	6	8	11	19	21	25	27	30	32	45	50	57	60	62	70	75	79	81	89	93	95	98	106	108	112	114	117	119	132	137	144	147	149	157	162	164	169	174	183	187	192	194	196	201	209	214	217	225	227	229	231	233	235	237	241	245	252	254	259	262	264	270	272	276	278	283	288	291	296	299	306	311	314	316	321	328	334	336	338	340	344	348	350	354	359	364	368	375	377	380	383	389	392	394	398	400	403	
2	6	8	10	23	28	32	34	37	44	51	61	66	70	72	75	78	81	84	88	91	95	106	109	110	113	120	124	126	128	141	146	150	152	155	162	169	179	184	188	190	193	196	199	202	206	209	213	224	227	231	234	237	241	246	252	257	273	278	281	287	291	293	296	300	305	307	310	324	329	333	336	339	341	343	346	357	361	364	367	371	374	377	
10	15	17	19	21	37	46	74	87	97	101	105	109	114	126	131	142	151	152	156	164	166	168	170	172	174	176	180	182	184	186	188	190	192	201	209	217	225	233	241	249	257	265	273	281	289	297	305	309	
5	13	15	18	22	30	42	51	63	67	69	74	76	81	85	88	91	95	98	101	107	111	114	117	121	124	127	131	137	149	158	170	174	176	181	183	188	191	204	206	208	210	215	217	224	228	234	239	242	246	251	255	258	261	265	268	271	277	281	292	294	303	310	312	317	326	327	334	336	347	356	
9	138	150	190	195	207	212	214	224	229	231	256	261	282	
2	14	20	24	31	40	43	52	57	59	62	68	71	73	77	80	83	87	91	96	103	108	114	116	123	129	132	134	137	139	146	148	156	162	166	171	177	181	186	188	190	193	194	199	215	217	221	227	230	232	240	242	245	259	267	279	284	296	301	306	321	325	329	351	356	359	361	366	371	377	382	384	387	388	394	401	404	412	414	425	432	434	441	443	447	450	458	460	
9	13	18	45	60	69	89	91	93	104	108	122	140	144	150	159	162	167	171	180	184	191	198	203	226	228	233	243	247	258	262	267	293	299	314	325	327	330	338	345	350	376	382	397	414	416	419	422	428	433	
4	9	22	37	41	58	127	142	153	159	165	171	177	183	189	195	201	207	213	219	225	231	237	243	249	255	261	267	273	279	285	301	310	312	331	344	350	356	362	368	374	380	386	392	398	404	410	416	422	428	434	440	446	460	465	488	493	496	512	513	529	534	536	562	566	569	
35	94	178	186	191	269	313	336	347	360	369	404	406	419	421	427	428	430	470	472	480	482	
2	17	19	22	24	29	33	35	54	58	64	66	69	74	78	83	94	97	101	108	112	117	123	127	136	141	152	154	156	163	165	168	176	180	183	185	190	193	195	197	200	203	206	215	226	230	234	237	240	245	249	250	252	257	267	272	279	285	289	294	306	310	329	336	340	352	356	358	369	377	383	397	402	407	410	419	423	428	433	
2	9	17	19	24	28	31	34	36	38	43	46	51	54	58	62	64	69	72	75	78	80	87	89	105	121	130	133	145	149	154	159	161	163	170	172	185	188	190	194	197	200	210	215	220	225	227	235	237	247	249	251	253	258	260	270	274	289	
2	10	12	14	17	21	24	54	60	64	70	73	79	84	91	95	101	110	121	130	135	139	146	150	152	157	162	169	171	175	183	185	187	190	194	197	213	215	222	228	237	242	249	251	255	263	265	267	270	274	277	284	292	294	296	299	303	306	327	329	331	335	338	342	345	350	352	356	363	
2	4	13	16	19	24	27	38	40	44	57	72	77	84	90	97	114	134	136	140	142	165	168	172	176	180	185	189	208	212	221	222	229	231	240	242	250	266	268	273	276	280	282	297	301	303	307	312	330	332	335	340	354	361	365	367	371	373	376	409	417	421	426	435	440	443	445	449	463	465	469	473	
2	4	11	13	26	33	35	38	40	48	50	57	62	66	68	73	77	79	94	98	105	109	112	114	121	132	141	144	151	155	160	168	171	175	180	183	186	190	193	198	201	205	216	223	237	244	247	251	253	259	261	267	269	286	288	290	293	302	309	316	326	331	336	338	341	343	347	359	365	371	374	376	378	380	383	388	397	399	406	409	412	424	426	429	
7	16	17	18	30	36	37	45	46	51	61	62	67	92	97	102	111	112	124	125	126	134	136	141	146	149	155	160	162	231	233	242	243	244	245	247	252	257	260	265	270	272	282	284	374	375	386	387	389	390	396	397	411	413	418	423	426	432	437	439	
10	17	20	23	28	38	40	45	48	53	56	60	62	68	73	74	78	80	85	96	103	112	114	124	127	131	138	144	146	149	152	156	158	163	168	171	174	181	184	186	190	193	201	203	205	214	216	218	220	224	242	246	256	258	263	269	271	273	276	278	284	288	294	304	320	327	331	334	338	340	348	350	355	357	359	365	372	386	388	393	397	400	403	405	407	413	427	441	
2	4	8	15	19	27	33	48	62	83	96	105	114	120	122	124	135	139	143	148	152	164	174	184	203	210	214	216	218	221	226	230	233	236	243	247	250	272	275	277	280	283	286	291	293	297	302	305	308	311	313	317	320	326	332	337	351	363	366	368	370	379	393	404	407	425	437	446	448	453	456	461	466	473	475	479	481	489	496	499	502	509	511	523	525	531	533	536	544	551	554	558	565	567	575	577	583	585	588	601	604	608	
9	19	60	66	75	76	107	127	148	174	296	348	360	406	
4	7	14	17	20	26	30	32	34	39	43	46	52	57	63	73	78	83	88	91	94	97	99	100	111	113	120	126	131	134	138	144	150	154	160	162	164	166	170	173	174	175	180	185	188	190	194	199	212	215	222	225	230	240	246	249	252	255	259	262	268	271	275	279	285	287	289	292	298	306	310	319	330	333	351	360	362	365	369	371	375	380	385	390	397	402	408	411	415	418	435	439	446	466	471	473	
2	6	9	15	27	29	33	36	41	50	55	60	82	85	89	92	94	96	102	109	117	121	124	131	136	147	157	162	164	169	174	182	206	216	228	234	246	256	264	273	278	286	296	302	308	317	326	335	339	341	345	354	361	369	373	378	384	394	398	403	408	415	420	424	430	437	441	446	450	457	461	466	471	
5	7	11	17	20	23	29	32	37	46	48	61	64	70	74	80	83	95	103	105	112	114	118	127	131	135	139	146	149	159	170	179	189	193	203	215	219	224	248	253	264	269	282	288	296	301	306	313	318	323	334	336	362	386	395	454	456	460	469	472	477	489	509	512	515	
20	25	28	34	47	58	73	77	84	90	100	115	130	134	143	151	155	160	265	269	297	338	354	363	376	378	384	403	408	410	424	436	441	444	449	498	507	528	538	542	
4	8	12	16	20	22	30	40	42	47	52	60	62	71	80	85	92	98	102	113	115	124	128	132	136	140	142	150	160	162	175	181	190	193	197	201	208	216	218	223	231	235	243	247	251	255	259	261	269	279	281	286	291	297	301	305	316	318	321	323	329	331	340	343	350	353	362	366	368	371	373	385	393	401	404	417	423	427	430	433	442	452	458	461	463	469	476	
2	4	7	15	17	22	26	29	31	35	43	46	49	65	67	70	81	86	92	94	106	113	125	133	145	148	152	157	162	172	176	183	186	189	191	193	200	203	207	209	212	224	227	233	236	241	249	251	254	257	261	269	271	274	278	281	285	289	297	299	304	308	310	314	321	327	333	339	344	346	354	358	375	377	385	390	393	396	403	418	432	449	454	456	459	463	465	472	475	479	481	
4	9	11	14	17	21	24	29	33	35	38	40	43	45	50	54	57	60	63	74	77	80	83	86	91	94	105	107	110	118	121	129	132	136	140	150	157	161	165	168	171	175	184	189	193	204	210	217	222	225	243	247	252	254	258	264	266	270	272	275	277	281	284	290	293	295	299	300	307	309	313	321	328	336	340	344	350	359	364	366	370	373	376	391	395	398	400	403	406	412	416	430	435	439	
15	37	45	48	50	53	56	58	69	81	95	134	141	143	163	165	185	189	272	287	307	311	313	329	332	375	378	406	412	414	420	423	425	438	474	477	490	500	
2	6	9	16	18	23	27	30	34	37	41	52	54	57	63	67	71	74	85	92	97	99	114	131	135	138	158	160	165	169	172	176	179	184	190	193	195	200	204	214	220	226	230	242	244	253	260	262	265	269	276	280	283	303	305	310	314	317	321	324	329	335	338	340	345	349	359	365	375	380	384	387	407	409	414	418	421	425	428	431	438	440	443	449	453	460	462	464	470	476	478	484	486	493	
2	17	20	34	44	50	55	59	72	74	79	82	87	90	92	100	102	110	112	115	143	162	175	189	195	215	220	223	228	233	235	237	242	245	268	274	280	282	287	289	291	315	321	330	350	355	358	363	368	370	372	377	380	403	409	
22	24	42	120	148	173	181	182	230	246	297	298	333	349	384	
4	9	11	17	20	22	28	34	36	40	42	45	53	61	65	67	73	78	85	88	96	107	122	132	135	139	145	155	157	160	165	170	187	189	201	203	205	207	210	221	223	228	234	247	265	269	291	306	313	331	333	342	350	353	366	368	372	374	383	393	403	414	422	425	428	433	437	449	472	476	
2	6	23	28	37	44	62	67	71	75	79	84	87	90	93	96	100	102	112	117	122	128	131	133	148	151	164	177	190	203	205	217	220	224	228	231	241	248	253	256	260	265	271	277	282	285	289	293	298	301	304	308	312	316	319	323	332	336	338	342	358	362	365	367	371	378	380	385	390	394	398	402	405	407	412	416	418	424	428	
2	31	34	48	57	78	83	95	98	101	105	109	113	117	121	128	156	159	173	182	203	208	220	223	226	230	234	238	242	246	254	272	284	288	294	297	313	318	327	332	341	345	351	353	356	367	373	375	385	397	404	417	425	431	481	487	489	501	
2	5	31	33	35	44	47	59	72	90	100	109	114	117	122	128	130	131	134	170	173	174	177	207	211	213	228	230	239	242	246	257	268	271	274	295	299	
2	8	14	16	18	24	25	34	42	44	53	55	58	72	75	80	82	93	96	121	127	136	138	141	148	150	155	167	181	183	185	192	197	199	204	212	217	219	222	236	238	240	247	253	265	267	270	277	279	284	296	310	312	314	321	326	328	333	341	346	348	351	365	373	377	389	391	393	398	402	411	416	425	431	433	434	440	446	449	452	456	460	465	467	469	475	476	478	480	482	486	490	492	494	499	501	504	506	
2	6	15	17	20	23	26	28	32	34	37	42	49	53	65	70	73	76	77	81	85	89	106	111	116	118	122	129	131	138	140	152	158	160	165	171	176	178	182	194	201	204	207	210	213	217	220	223	228	232	237	239	241	248	267	270	275	283	287	298	330	340	346	348	352	356	358	363	377	382	392	404	
6	10	18	20	37	47	53	60	64	68	72	77	92	97	101	105	114	122	124	127	132	138	148	153	155	158	167	175	186	189	198	205	
2	4	6	9	13	20	27	29	32	35	37	41	45	47	51	53	55	56	63	65	68	71	79	83	85	88	93	95	98	100	102	104	107	111	113	120	123	127	131	135	139	144	148	150	156	166	168	171	174	176	183	202	207	211	220	224	227	235	237	243	248	250	253	256	258	264	266	269	282	286	293	297	300	307	318	334	337	340	343	354	360	365	367	369	370	373	377	386	387	398	401	405	408	418	427	434	439	442	444	447	449	452	457	459	463	466	468	473	
2	4	11	14	21	24	26	29	30	34	38	40	44	50	59	62	63	64	68	77	83	87	89	91	104	110	126	135	139	149	159	163	166	167	171	175	177	181	187	196	199	200	201	205	214	220	234	239	241	256	258	261	262	266	270	272	276	282	291	294	295	296	300	309	315	320	326	333	343	350	355	358	361	364	367	368	372	376	378	382	388	397	400	401	402	406	415	421	428	437	
3	5	7	10	16	20	22	25	28	35	45	48	50	62	66	69	85	90	116	127	129	134	140	144	146	149	159	176	179	181	193	197	200	216	221	259	268	284	295	301	
2	4	13	17	23	29	35	44	49	54	56	59	66	69	72	81	88	94	100	108	112	116	131	139	142	154	156	161	166	174	192	195	198	201	204	207	223	225	229	231	240	247	252	259	263	270	273	285	288	304	314	321	325	329	333	340	343	347	349	356	359	362	365	
2	7	10	16	18	23	30	42	47	49	50	52	53	56	58	60	68	71	74	79	83	86	90	94	97	99	102	114	123	127	132	138	141	144	146	151	155	157	159	164	170	172	178	183	187	194	199	201	204	206	212	214	219	221	224	228	231	235	240	247	251	254	264	267	271	279	281	292	313	319	321	342	346	351	355	358	361	375	379	382	385	388	401	405	408	412	416	424	430	435	440	442	444	449	454	467	475	
2	9	18	21	23	25	27	30	37	46	50	52	54	56	59	66	74	76	78	80	82	87	93	96	98	104	106	108	110	115	120	125	130	132	137	141	145	150	157	161	163	165	167	169	180	187	192	194	196	198	
2	12	15	25	35	40	44	46	49	65	69	76	85	88	91	95	103	110	130	133	136	142	147	149	156	161	172	176	178	183	186	206	208	212	217	224	238	243	247	252	254	257	259	261	265	267	271	280	288	291	297	314	328	335	345	350	356	368	374	377	380	386	388	391	397	424	428	
2	7	10	14	16	44	45	46	74	79	82	104	109	111	137	142	145	167	172	174	228	267	279	280	282	287	290	305	306	307	332	335	340	343	366	367	369	374	377	394	399	402	
2	6	8	18	23	27	29	50	52	56	63	70	80	88	99	101	108	110	139	141	150	156	160	164	173	178	181	188	202	208	214	220	226	238	242	244	262	266	268	270	274	277	283	288	293	296	297	305	307	319	326	332	338	340	342	345	347	356	360	370	373	377	387	413	416	428	433	436	446	451	456	459	465	
2	4	7	13	14	15	20	22	29	31	34	37	39	42	44	46	51	56	58	60	70	72	75	77	85	90	95	97	105	107	109	114	116	120	132	137	142	147	159	167	171	177	180	189	191	193	198	203	208	211	213	215	217	219	222	232	234	238	250	255	260	265	269	276	278	285	291	
9	12	18	27	30	32	34	43	52	57	61	68	73	75	78	83	88	93	98	103	106	109	112	115	117	126	132	134	135	137	141	147	149	152	156	162	165	167	174	180	184	197	206	210	216	218	222	226	232	244	246	250	253	255	270	273	283	285	288	289	295	301	316	318	323	325	337	341	344	346	351	354	367	379	382	388	393	395	399	404	409	412	422	426	430	433	435	440	444	447	449	452	454	457	464	469	470	474	476	477	
2	7	10	17	22	24	26	30	32	48	57	59	68	73	79	106	114	117	124	139	142	144	158	160	169	171	177	180	183	186	188	190	207	211	214	233	262	269	272	274	279	281	291	294	297	300	305	311	320	353	360	363	373	375	381	384	388	398	406	410	412	414	423	426	434	437	440	
2	5	8	11	14	17	32	35	38	41	43	49	57	64	68	70	115	117	129	132	135	138	141	144	157	160	163	166	169	171	193	196	198	201	204	211	214	220	227	238	241	244	247	283	304	325	328	343	347	352	355	
5	10	15	24	35	55	68	74	84	104	106	130	141	146	153	161	170	178	182	185	192	196	198	206	212	236	241	243	249	253	258	265	268	284	294	306	309	326	
2	6	13	16	18	23	25	30	33	36	49	52	57	59	64	68	73	79	87	89	93	96	100	106	113	120	129	132	135	139	143	148	150	157	169	178	185	188	193	203	205	211	233	244	249	268	274	278	280	283	288	290	293	298	302	306	312	317	320	324	329	339	345	349	352	355	
2	8	14	16	19	21	25	38	47	51	55	60	64	68	70	75	80	84	86	89	95	98	102	104	109	114	123	127	133	139	141	144	150	153	166	175	179	183	188	192	196	198	203	208	212	214	217	224	227	231	233	245	250	255	267	269	270	280	282	283	294	295	306	308	318	326	330	332	338	344	346	358	371	
2	5	9	12	20	23	29	32	35	40	48	51	55	58	62	68	73	75	77	79	88	93	95	100	106	115	117	122	126	131	133	135	138	142	147	148	150	152	156	163	165	167	174	179	184	188	196	198	220	227	233	239	249	253	256	261	265	271	273	277	282	285	289	293	294	296	298	301	306	313	325	328	332	337	340	342	351	358	363	369	383	385	402	
4	10	13	16	18	28	33	42	55	59	63	70	79	82	85	90	105	122	126	132	135	141	143	148	151	156	177	179	181	192	214	218	223	231	240	244	256	267	278	281	282	284	287	293	299	302	311	319	323	328	332	336	341	348	359	363	369	371	376	379	384	405	407	409	420	442	446	451	459	463	
2	3	13	14	37	48	60	137	138	153	159	160	167	178	179	186	206	221	222	240	241	248	249	
5	13	15	18	22	29	37	41	46	50	54	59	65	69	75	81	88	91	102	109	117	125	132	135	141	143	151	165	173	176	183	184	
7	11	14	15	21	23	26	33	36	40	45	86	90	104	107	114	124	136	139	144	155	159	162	163	169	171	174	181	184	188	193	196	204	240	252	262	266	269	270	276	278	281	288	291	295	300	303	311	341	343	352	362	368	373	379	382	385	402	409	414	419	428	431	435	443	454	461	464	483	486	
2	7	14	27	30	51	52	55	58	63	69	77	87	95	103	108	112	139	159	163	186	191	196	239	244	275	283	294	333	338	343	351	360	368	381	385	387	388	395	408	411	414	418	447	450	458	468	491	498	500	
6	8	17	26	30	34	36	40	42	52	59	61	63	66	69	80	89	92	98	101	108	130	134	138	142	143	145	148	152	154	156	162	166	172	178	189	192	194	204	208	212	214	216	225	227	231	237	246	259	266	273	282	289	298	313	325	334	338	339	355	362	367	370	377	391	398	405	413	424	439	
8	20	25	28	30	35	39	48	58	60	65	67	69	76	86	91	99	112	117	120	129	133	137	141	152	162	165	168	171	175	178	182	225	234	244	250	253	257	266	271	275	294	311	316	320	321	332	337	348	352	354	
2	4	16	18	21	40	43	52	57	61	76	78	90	95	105	108	114	148	160	164	170	175	177	182	191	195	199	213	217	232	243	250	268	274	285	294	301	318	320	329	334	337	365	380	392	409	422	426	433	
2	9	11	24	27	35	54	57	63	70	77	88	125	151	159	172	175	186	192	206	208	220	233	235	244	247	250	255	257	262	265	274	290	309	311	314	321	322	336	367	371	381	388	393	399	411	415	417	422	430	435	444	455	476	
2	5	28	31	32	35	37	40	48	55	59	61	64	68	71	77	78	99	100	101	107	111	114	135	139	141	146	157	162	165	168	170	173	177	186	188	193	196	199	205	221	223	227	229	238	242	244	247	251	253	259	261	267	276	282	285	287	301	303	312	317	321	326	334	335	338	339	342	346	354	357	360	362	377	382	
7	9	11	42	66	68	71	73	78	125	172	219	222	225	229	231	257	282	286	295	298	326	383	385	389	393	432	446	459	468	473	479	486	489	491	493	529	532	536	541	547	559	568	571	573	584	591	598	601	609	618	623	625	628	634	640	642	651	653	660	668	675	684	693	695	
2	9	17	36	49	58	68	75	90	96	104	109	121	128	156	166	168	171	175	183	186	197	205	208	210	232	248	254	266	270	279	280	283	288	300	304	306	309	316	323	355	373	377	386	387	390	395	407	411	413	416	423	427	429	432	
3	5	9	16	23	25	32	33	39	46	48	55	58	64	74	90	97	99	103	112	115	124	126	130	144	146	154	158	163	167	171	182	197	205	208	210	217	219	229	233	240	246	252	254	258	272	274	282	286	291	295	299	310	325	333	336	338	345	347	357	361	368	379	381	383	385	387	391	393	397	400	403	408	412	416	419	422	444	446	459	463	468	473	475	478	479	
4	7	9	11	15	20	25	28	34	36	40	50	55	59	71	74	82	93	98	103	107	111	114	121	127	135	145	149	154	163	168	170	172	177	180	182	193	200	203	210	213	219	230	237	243	247	253	259	262	266	269	273	281	289	290	298	306	310	312	316	317	328	333	341	343	345	
9	14	17	19	25	32	51	53	55	60	67	75	80	108	111	143	148	164	185	221	224	229	239	259	262	267	277	289	300	312	
2	11	22	31	37	48	52	58	62	65	68	71	75	80	91	97	106	116	145	148	151	157	166	168	170	178	181	184	187	189	191	193	197	225	228	236	240	253	256	264	272	285	288	295	307	310	318	321	336	359	393	404	410	434	
2	9	12	16	29	32	34	38	46	51	57	60	63	66	70	74	77	80	87	90	93	97	101	103	109	112	115	117	121	125	128	135	138	144	147	151	159	164	168	172	181	187	192	207	209	219	222	230	234	238	244	249	255	258	261	263	267	271	281	288	291	298	301	308	315	317	319	322	325	337	348	351	358	361	368	375	378	380	382	385	393	398	404	407	410	412	416	420	430	437	447	453	458	
2	13	15	17	29	35	37	47	49	51	69	77	88	98	100	103	106	112	121	126	131	137	138	139	142	144	148	152	154	155	157	159	178	179	181	183	192	193	195	198	199	203	206	215	226	228	235	238	244	245	246	248	251	255	259	261	262	263	282	283	285	287	296	297	299	302	303	307	310	319	330	332	334	337	343	354	360	362	374	376	390	392	399	406	408	420	422	434	436	443	450	452	459	465	467	
4	8	12	15	25	28	30	33	42	47	50	56	59	62	68	72	75	78	81	84	92	95	107	109	115	126	130	134	137	147	150	152	155	164	169	172	178	181	189	191	199	203	207	212	220	223	225	228	236	241	244	250	253	256	265	275	279	283	286	296	299	301	304	313	318	321	327	330	333	338	342	345	348	351	354	361	364	376	378	383	
20	30	34	40	44	75	132	144	149	166	184	204	
7	11	16	191	200	202	208	212	242	335	
2	25	30	33	37	45	50	73	77	80	82	92	131	139	142	159	178	185	188	196	204	208	211	213	216	220	257	280	284	287	289	294	300	303	322	327	341	352	354	356	370	373	382	
6	9	12	21	28	41	43	52	55	61	66	70	75	85	88	92	96	99	110	113	119	122	125	131	137	142	145	158	161	171	184	190	197	200	204	208	212	216	219	222	230	232	241	250	257	261	269	275	277	293	297	
2	6	9	12	19	23	28	33	38	40	43	54	56	58	69	73	78	82	84	91	94	107	112	114	120	122	136	150	153	155	157	159	161	168	170	172	177	179	182	192	197	198	202	206	214	219	220	224	229	238	243	244	249	252	259	264	270	274	279	285	297	306	309	314	347	351	356	361	370	375	380	400	
6	15	20	23	51	58	65	73	81	89	95	100	115	147	152	155	183	190	197	205	213	221	227	232	267	273	279	286	290	292	300	314	325	368	372	414	416	481	489	491	505	510	512	
5	8	11	63	69	71	84	86	91	98	104	117	123	125	128	130	133	143	147	149	153	155	159	161	172	188	191	203	205	219	236	238	241	244	247	
3	41	50	58	62	78	88	111	132	145	151	155	170	190	195	202	217	221	229	241	247	333	342	354	363	372	380	385	402	409	414	425	432	442	447	450	458	
2	5	8	13	23	26	30	35	38	43	56	59	62	67	72	78	82	84	85	90	100	104	109	115	120	136	139	142	149	152	153	157	166	168	175	181	183	188	204	207	211	215	221	225	237	240	243	249	253	261	273	274	283	
4	6	31	38	45	50	52	56	58	64	70	76	95	101	116	123	125	129	133	140	146	148	151	173	175	177	184	186	193	207	235	245	257	264	267	268	271	281	287	293	295	298	300	302	309	311	318	332	360	370	382	393	396	398	404	406	408	415	419	424	433	438	441	443	446	454	459	466	468	473	498	515	519	528	532	536	
2	6	11	15	22	25	27	34	38	43	48	53	67	70	72	76	79	81	90	95	104	107	110	117	126	130	134	145	151	159	162	167	180	183	187	219	
2	11	13	15	22	36	51	67	69	83	85	99	101	135	137	145	155	160	171	173	181	197	202	215	218	225	228	230	232	239	250	260	268	276	284	296	310	319	339	341	344	349	357	362	374	379	383	388	393	402	411	416	422	426	431	433	452	
11	13	16	18	21	33	38	41	43	48	51	53	60	62	65	68	75	77	79	80	86	88	95	102	107	110	112	119	121	133	140	144	158	160	166	168	175	177	182	186	189	191	198	200	205	209	213	215	222	224	230	233	237	241	243	258	261	274	279	284	288	293	305	308	316	330	338	345	368	374	378	395	397	400	402	405	413	415	418	420	422	430	432	435	450	454	457	459	461	468	472	474	476	481	491	495	497	500	
2	6	20	25	29	32	40	45	48	53	56	61	64	68	82	84	86	88	93	98	106	109	112	114	122	127	130	135	138	143	146	150	164	166	168	170	175	178	180	184	193	199	213	217	238	243	245	248	254	258	261	269	274	277	282	285	290	293	297	311	313	315	317	322	336	345	348	352	360	368	373	375	378	381	394	398	400	405	407	411	415	419	432	435	439	
5	17	24	27	32	34	43	52	59	61	67	79	90	97	100	104	106	118	124	131	136	138	141	144	147	149	152	155	160	165	171	174	181	185	189	193	197	200	204	215	221	225	
2	8	12	17	20	25	27	30	33	58	59	63	65	68	70	75	78	81	83	88	90	95	98	109	115	119	130	135	138	141	147	153	156	161	163	166	169	172	177	180	183	185	188	192	196	198	205	209	213	218	224	227	237	247	249	253	255	259	261	263	267	269	273	276	283	287	290	293	296	300	304	307	318	319	322	325	328	332	337	341	345	347	350	354	356	370	373	376	381	384	387	392	408	412	416	420	421	425	427	430	433	439	443	446	449	450	454	456	458	461	466	471	473	
3	6	8	15	16	19	30	37	41	53	63	65	72	78	90	95	97	102	107	125	129	132	138	141	150	157	160	165	171	175	179	182	185	187	195	199	202	205	231	248	250	253	271	280	287	291	309	316	331	342	360	380	383	391	399	403	
2	4	8	13	15	20	30	35	38	41	44	57	59	64	66	69	72	75	76	79	81	93	104	119	121	126	136	141	144	147	150	163	165	170	172	175	178	181	182	185	187	199	210	222	240	242	246	252	255	258	263	265	267	269	275	278	287	294	297	300	304	317	320	328	337	342	349	355	359	362	364	368	371	374	379	382	387	395	399	402	404	407	421	423	428	435	439	446	455	458	461	464	467	
2	15	20	23	27	32	34	197	202	204	215	220	222	228	233	236	240	245	247	343	348	350	
2	6	23	27	29	32	36	46	48	50	52	54	57	59	61	71	80	82	89	91	92	98	100	102	109	118	129	134	141	144	149	152	155	163	167	171	174	177	182	186	188	192	194	195	197	200	204	208	212	217	219	224	227	230	232	235	238	248	252	254	257	261	265	293	295	297	299	305	310	311	315	321	323	325	344	353	355	362	364	365	371	373	375	381	384	389	391	393	399	403	405	407	412	415	418	421	423	425	428	432	435	439	444	449	455	461	469	478	480	484	
2	5	31	33	35	44	47	59	72	90	100	109	114	117	122	128	130	131	134	170	173	174	177	207	211	213	228	230	239	242	246	257	268	271	274	295	299	
2	4	6	10	13	40	45	78	85	91	93	96	98	113	115	121	134	141	155	158	169	177	179	182	184	192	194	197	203	205	229	234	237	239	241	244	246	258	271	274	300	303	305	308	310	316	320	322	328	333	336	357	361	363	365	367	371	373	378	381	407	416	420	423	451	477	499	509	516	521	523	526	
5	9	27	31	35	40	44	71	90	94	101	117	128	137	139	148	183	186	224	229	233	247	255	258	277	290	309	311	319	336	341	346	348	368	370	373	375	380	384	386	394	404	405	407	422	425	428	432	439	443	453	456	459	
8	9	15	18	25	40	48	53	58	67	71	79	87	97	107	109	111	115	121	126	131	136	138	140	142	150	158	162	174	178	180	186	193	196	206	210	213	216	221	230	240	243	247	249	251	255	258	263	275	281	284	286	290	292	296	318	349	354	357	368	371	376	378	383	386	421	431	
3	5	9	28	31	34	37	45	68	69	80	84	123	131	133	136	155	158	161	164	172	186	188	203	209	240	242	267	271	273	288	295	299	309	311	320	322	324	336	363	385	396	408	414	418	421	424	427	430	
